Env Setup
[[[4.48566777e-02 1.33504814e-01 2.82069173e-02 2.11835255e-02
   9.76689065e-02 4.38805514e-02 9.09293238e-02 1.82810948e-01
   1.39293259e-01 2.17665076e-01]
  [5.21498750e-03 2.93360143e-01 5.08995016e-02 2.81114120e-02
   1.17896441e-01 8.04914598e-02 8.00079226e-02 1.37309754e-01
   1.91136730e-01 1.55716483e-02]
  [1.53770526e-01 2.98683482e-02 4.43378324e-02 1.09900848e-01
   3.05474415e-02 4.52608234e-03 1.45040892e-02 2.04019507e-01
   4.26227971e-02 3.65902529e-01]
  [7.99298924e-02 9.32798098e-02 2.52996822e-01 1.24537004e-01
   2.63065395e-03 1.14102340e-01 5.42916135e-02 9.10048976e-02
   6.54959145e-02 1.21731052e-01]
  [1.03105139e-01 2.78059381e-01 2.26121750e-02 3.42342330e-02
   6.82396504e-02 5.75504590e-02 2.73672328e-01 2.54116169e-02
   5.48264072e-02 8.22886097e-02]]

 [[3.87463146e-01 2.56662565e-02 4.32314501e-02 6.68111017e-02
   4.62459277e-02 4.03234271e-02 4.31905188e-02 1.52491150e-01
   1.51036441e-02 1.79473378e-01]
  [1.69743215e-01 1.50158611e-01 4.44494127e-02 2.32151299e-02
   2.57880437e-01 4.16073819e-03 9.49128644e-02 1.54565876e-02
   7.80161381e-02 1.62006866e-01]
  [2.54723206e-02 6.94877109e-02 1.15537050e-01 1.91212755e-01
   2.39063178e-01 3.65048387e-02 2.74584336e-02 6.15063402e-02
   4.44688826e-02 1.89288491e-01]
  [1.36111270e-02 1.46234903e-01 1.23371292e-01 2.07468073e-02
   3.91952380e-02 3.19042203e-02 1.77833599e-01 1.77118933e-01
   1.46493814e-01 1.23490067e-01]
  [1.23019922e-01 5.88942173e-02 7.99257030e-02 1.04036217e-01
   1.96109650e-01 7.15347208e-02 1.51393812e-01 1.00633627e-01
   3.51507174e-02 7.93014139e-02]]

 [[1.87476663e-01 2.92331057e-01 2.55031959e-02 4.34341789e-02
   2.22204830e-02 1.73589519e-01 8.48752964e-02 1.49564299e-02
   3.18066632e-02 1.23806514e-01]
  [1.19082383e-01 3.17060417e-02 2.64616436e-01 2.63423479e-02
   2.47212665e-01 8.93573140e-02 9.43127959e-03 8.67027610e-03
   7.00720613e-02 1.33509196e-01]
  [5.71280943e-02 2.10590850e-01 1.45214978e-01 1.96216631e-02
   5.92411516e-02 3.32287178e-02 2.76812946e-02 2.46923160e-02
   3.18176975e-01 1.04423960e-01]
  [4.39092089e-02 4.59695686e-01 7.35846269e-03 1.67953255e-02
   1.20319145e-02 2.40703651e-02 2.94582857e-01 1.03472611e-01
   2.00052821e-02 1.80782885e-02]
  [2.95588156e-01 7.60688892e-02 8.22897455e-02 8.37101144e-02
   1.07942357e-01 7.05492987e-02 2.55771819e-02 4.18174549e-02
   1.50583024e-02 2.01398500e-01]]

 [[1.84555296e-01 3.01476603e-01 1.17506641e-01 4.16968262e-02
   8.54768921e-02 2.19313626e-01 4.21172012e-02 4.07121534e-04
   4.38699404e-03 3.06279891e-03]
  [2.17287435e-01 1.13627783e-01 5.65026382e-02 9.07922937e-02
   1.74152415e-01 4.26891301e-02 2.27670826e-02 2.17558327e-01
   3.77782538e-02 2.68446416e-02]
  [2.23474277e-02 1.05785603e-02 1.96531754e-01 4.58930079e-01
   8.87437009e-02 1.24153091e-02 4.78356400e-02 5.09426301e-02
   8.03653563e-02 3.13095428e-02]
  [1.25138512e-01 4.42710173e-02 9.44123570e-02 1.75159595e-01
   1.23832306e-01 8.51473405e-03 5.93969025e-02 5.56433291e-02
   2.94634981e-01 1.89962661e-02]
  [8.21101975e-02 1.11184193e-01 4.71826014e-02 3.09385694e-04
   1.51120766e-01 3.69217439e-01 7.19543493e-02 6.69359091e-02
   8.46062105e-02 1.53789487e-02]]

 [[6.07807802e-05 2.11762274e-01 9.28582322e-02 1.68242270e-02
   2.48567967e-02 1.00765031e-01 1.75895310e-04 3.38620003e-01
   2.13472497e-01 6.04263286e-04]
  [9.06437423e-02 1.05487472e-02 2.35007669e-02 1.31458434e-01
   3.18307669e-02 8.44012074e-02 1.43304075e-01 1.48322007e-01
   1.89366780e-01 1.46623473e-01]
  [2.81290226e-01 2.67598378e-02 6.91326835e-02 6.07477480e-03
   1.47825071e-01 1.91670865e-02 1.04429160e-01 1.18358391e-01
   1.78275270e-01 4.86874994e-02]
  [8.04908440e-03 2.74415321e-02 4.94843767e-02 1.43414740e-02
   8.87610233e-02 2.53260823e-02 1.74672554e-01 2.25396291e-01
   2.06140783e-01 1.80386799e-01]
  [2.83729560e-01 4.00254135e-02 1.65897468e-01 4.24167145e-02
   7.90985243e-02 5.06833784e-03 1.03232781e-01 6.04576110e-02
   1.09939078e-01 1.10134511e-01]]

 [[2.99720280e-02 1.51684378e-02 2.54020303e-01 3.19904357e-02
   1.61253717e-01 1.96009079e-01 1.31383311e-01 1.34513475e-01
   3.59051546e-02 9.78405899e-03]
  [1.87415585e-02 1.38417418e-02 1.86191766e-01 4.49056870e-02
   7.70189765e-02 8.42057278e-02 6.54927620e-02 1.34512216e-01
   3.58932519e-01 1.61570448e-02]
  [1.40505324e-01 1.68983556e-01 2.78481961e-01 3.41895331e-02
   1.50799936e-01 6.85894810e-02 8.74361475e-02 5.21503923e-03
   2.49965037e-02 4.08025174e-02]
  [1.31722404e-01 3.77984631e-01 4.86168191e-02 9.74067153e-02
   1.08514530e-02 1.02637931e-02 6.53003638e-02 8.00186158e-02
   1.29289355e-01 4.85458500e-02]
  [9.75047948e-02 1.37905380e-02 1.31835270e-01 9.65046716e-02
   1.81650257e-01 1.48035661e-01 1.47320675e-01 2.59550785e-02
   5.43808042e-02 1.03022250e-01]]

 [[8.23933980e-02 1.34650996e-01 8.11618431e-02 5.67547108e-02
   1.46969775e-01 1.59535666e-01 3.28589063e-02 2.51008685e-01
   4.91997997e-02 5.46621970e-03]
  [1.89778862e-01 5.81870385e-03 4.56042584e-02 1.34008927e-01
   3.40778229e-02 1.38986799e-01 1.07007284e-03 3.87936007e-01
   2.66366011e-02 3.60819452e-02]
  [9.95210335e-02 1.08986803e-01 7.16517283e-02 2.02436527e-01
   1.17671911e-01 2.28982848e-01 3.43949943e-03 9.76946193e-03
   4.78249168e-02 1.09715271e-01]
  [9.79092212e-02 8.50572682e-02 8.97705792e-02 3.65384697e-02
   2.62815507e-04 2.80346035e-02 4.35219152e-02 1.44675666e-01
   2.30471137e-01 2.43758325e-01]
  [4.07141763e-02 2.31625182e-02 2.49672232e-01 1.94277397e-01
   1.47869309e-02 1.39786078e-01 1.57598185e-01 8.76024500e-02
   5.41232335e-02 3.82767994e-02]]

 [[1.51487556e-01 1.09737693e-01 2.07510456e-02 2.17709105e-01
   2.29952474e-02 7.18883017e-02 9.56989653e-02 4.97820365e-02
   1.93378750e-01 6.65713001e-02]
  [4.65287707e-03 4.31653054e-02 3.14938764e-01 5.13807760e-02
   9.81075963e-03 7.02669883e-02 6.75580742e-02 3.24012762e-01
   3.64376234e-02 7.77760705e-02]
  [1.84457819e-02 4.17183908e-01 5.64959848e-02 9.61842742e-02
   1.13077473e-01 1.51121155e-01 3.25731391e-02 1.07602107e-02
   2.86804454e-02 7.54776281e-02]
  [1.59347223e-01 1.54084797e-01 1.87455098e-01 1.39275518e-01
   1.14477187e-01 5.66081341e-02 1.70156792e-01 1.02704375e-02
   5.70891349e-03 2.61590007e-03]
  [1.29049230e-01 5.29127705e-02 1.58063746e-01 2.54007243e-02
   2.66667263e-02 9.04525166e-03 2.59352033e-01 5.03897456e-02
   2.70259095e-01 1.88606779e-02]]

 [[1.83333088e-01 8.79752258e-02 1.82922635e-02 7.33068851e-02
   7.25493436e-02 8.20249819e-02 2.43189350e-01 1.41199265e-01
   1.30143717e-02 8.51152259e-02]
  [1.46321107e-01 1.81409567e-02 2.33063757e-01 1.54817008e-02
   1.51655496e-01 3.59836026e-02 2.92004304e-02 3.03983360e-02
   9.49923811e-02 2.44762233e-01]
  [2.71869641e-02 1.19704277e-01 1.08311712e-01 1.76867213e-01
   8.99116667e-02 3.20324509e-02 2.29401255e-03 6.42381668e-02
   1.44064834e-01 2.35388704e-01]
  [1.05479129e-01 2.23879333e-02 9.64309956e-02 1.35891981e-02
   2.13434913e-01 1.50490805e-01 5.27015103e-03 2.85277597e-01
   7.55456476e-02 3.20936300e-02]
  [9.14663513e-02 8.29482800e-02 4.89216328e-03 2.09570862e-01
   3.12339443e-01 9.07990272e-02 2.96646707e-03 1.04158249e-01
   2.84735961e-02 7.23855612e-02]]

 [[1.93718581e-01 1.14375869e-01 9.59570048e-02 3.66075880e-02
   8.67627669e-02 9.73423549e-02 2.49269622e-02 7.76187958e-02
   2.43266908e-01 2.94231700e-02]
  [4.05735429e-02 6.90463765e-02 2.04986878e-01 1.88211257e-01
   6.76860865e-03 2.44688974e-01 5.28697205e-03 6.82285559e-02
   1.55732563e-02 1.56635579e-01]
  [7.30222081e-02 9.91734885e-03 8.04249430e-04 6.01582698e-02
   2.31914163e-03 6.13775844e-02 2.87810858e-01 3.34196103e-01
   1.69734856e-01 6.59379887e-04]
  [1.30248544e-01 9.06134070e-02 5.39395928e-02 1.03168610e-01
   8.55660064e-02 2.60764138e-01 6.84586304e-02 2.87951386e-02
   9.80852395e-02 8.03606943e-02]
  [3.90124752e-01 1.54289505e-02 1.33711373e-01 4.48848882e-03
   8.38829602e-02 1.41043036e-01 1.45867909e-01 6.50212291e-03
   3.74990201e-03 7.52005055e-02]]]
[[ 1.48683094  2.00935516  1.2785084   0.7668491   0.94688253]
 [ 2.14099275 -0.81935942  1.29966978  1.31787139 -0.27790441]
 [ 0.8243237   0.58766424  0.66681606 -0.94881447  0.12952795]
 [ 0.47501733  0.69918575  0.05078064  1.68096429  0.75652861]
 [ 1.86358542  0.58986575  1.08042604  1.07809014  1.51678831]
 [ 0.70182594 -0.00827645  0.32300112  0.18427267 -0.66971306]
 [ 2.18060259  1.33344549  1.99124231  0.14487287  1.07691682]
 [ 1.59270367  1.30241418  1.49740409  0.81552173  0.25092688]
 [ 0.64768356  1.67576704  1.72345965  0.0838174   1.00053711]
 [ 0.1473184   1.22867419  1.20878256  0.06830345  1.12041076]]
